1959 1.846808
1960 1.817296
1961 1.819067
1962 1.822385
1963 1.821645
1964 1.821070
1965 1.810835
1966 1.802951
1967 1.831541
1968 1.798591
1969 1.777143
1970 1.814585
1971 1.839937
1972 1.863813
1973 1.930826
1974 1.942438
1975 1.954943
1976 1.972724
1977 1.971533
1978 1.982221
1979 1.900508
1980 1.893592
1981 1.821269
1982 1.763802
1983 1.786542
1984 1.740761
1985 1.708818
1986 1.736727
1987 1.698130
1988 1.631215
1989 1.638650
1990 1.626108
1991 1.645690
1992 1.612288
1993 1.599063
1994 1.621979
1995 1.613573
1996 1.573171
1997 1.554613
1998 1.544552
1999 1.530320
2000 1.496369
2001 1.489517
2002 1.524887
2003 1.516981
2004 1.495501
2005 1.475259
2006 1.467301
2007 1.443108
2008 1.431154
2009 1.423269
2010 1.390276
2011 1.408611
2012 1.383456
