        1980   1.853667    	1980 1.893592
        1981   1.905667    	1981 1.821269
        1982   1.822000    	1982 1.763802
        1983   1.777333    	1983 1.786542
        1984   1.823000    	1984 1.740761
        1985   1.797333    	1985 1.708818
        1986   1.744333    	1986 1.736727
        1987   1.758333    	1987 1.698130
        1988   1.796333    	1988 1.631215
        1989   1.853333    	1989 1.638650
        1990   1.855667    	1990 1.626108
        1991   1.852333    	1991 1.645690
        1992   1.935000    	1992 1.612288
        1993   2.008667    	1993 1.599063
        1994   2.115334    	1994 1.621979
        1995   2.156667    	1995 1.613573
        1996   2.183000    	1996 1.573171
        1997   2.206000    	1997 1.554613
        1998   2.166333    	1998 1.544552
        1999   2.150000    	1999 1.530320
        2000   2.160333    	2000 1.496369
        2001   2.037000    	2001 1.489517
        2002   1.971000    	2002 1.524887
        2003   1.935667    	2003 1.516981
        2004   1.968667    	2004 1.495501
        2005   2.018000    	2005 1.475259
        2006   2.022667    	2006 1.467301
        2007   1.990000    	2007 1.443108
        2008   1.884333    	2008 1.431154
        2009   1.715333    	2009 1.423269
        2010   1.743667    	2010 1.390276
        2011   1.671333    	2011 1.408611
        2012   1.605667    	2012 1.383456
