  0.1000000      0.7950000      -2.302585     -0.2294131    
  5.0000001E-02  0.6730000      -2.995732     -0.3960100    
  9.9999998E-03  0.4110000      -4.605170     -0.8891620    
  4.9999999E-03  0.3480000      -5.298317      -1.055553    
  1.0000000E-03  0.2200000      -6.907755      -1.514128    
  1.0000000E-03  0.2200000      -6.907755      -1.514128    
  9.9999997E-05  9.3999997E-02  -9.210340      -2.364460    
  
  
  0.1000000      0.7780000      -2.302585     -0.2510287    
  5.0000001E-02  0.6470000      -2.995732     -0.4354089    
  9.9999998E-03  0.3740000      -4.605170     -0.9834995    
  4.9999999E-03  0.3020000      -5.298317      -1.197328    
  1.0000000E-03  0.1760000      -6.907755      -1.737271    
  1.0000000E-03  0.1770000      -6.907755      -1.731606    
  9.9999997E-05  7.0000000E-02  -9.210340      -2.659260    
  
  
  0.1000000      0.7940000      -2.302585     -0.2306718    
  5.0000001E-02  0.6720000      -2.995732     -0.3974969    
  9.9999998E-03  0.4000000      -4.605170     -0.9162907    
  4.9999999E-03  0.3240000      -5.298317      -1.127012    
  1.0000000E-03  0.1850000      -6.907755      -1.687399    
  1.0000000E-03  0.1850000      -6.907755      -1.687399    
  9.9999997E-05  6.8999998E-02  -9.210340      -2.673649    
  
  
  0.1000000      0.7730000      -2.302585     -0.2574762    
  5.0000001E-02  0.6270000      -2.995732     -0.4668088    
  9.9999998E-03  0.3560000      -4.605170      -1.032825    
  4.9999999E-03  0.2830000      -5.298317      -1.262308    
  1.0000000E-03  0.1500000      -6.907755      -1.897120    
  1.0000000E-03  0.1500000      -6.907755      -1.897120    
  9.9999997E-05  5.0999999E-02  -9.210340      -2.975930    
  
  
  0.1000000      0.7740000      -2.302585     -0.2561834    
  5.0000001E-02  0.6300000      -2.995732     -0.4620355    
  9.9999998E-03  0.3590000      -4.605170      -1.024433    
  4.9999999E-03  0.2860000      -5.298317      -1.251763    
  1.0000000E-03  0.1510000      -6.907755      -1.890476    
  1.0000000E-03  0.1510000      -6.907755      -1.890476    
  9.9999997E-05  4.8999999E-02  -9.210340      -3.015935    
  
  
  0.1000000      0.7860000      -2.302585     -0.2407985    
  5.0000001E-02  0.6520000      -2.995732     -0.4277107    
  9.9999998E-03  0.3910000      -4.605170     -0.9390477    
  4.9999999E-03  0.3150000      -5.298317      -1.155183    
  1.0000000E-03  0.1720000      -6.907755      -1.760261    
  1.0000000E-03  0.1720000      -6.907755      -1.760261    
  9.9999997E-05  5.9999999E-02  -9.210340      -2.813411    
  
  
  0.1000000      0.7930000      -2.302585     -0.2319321    
  5.0000001E-02  0.6340000      -2.995732     -0.4557063    
  9.9999998E-03  0.3470000      -4.605170      -1.058430    
  4.9999999E-03  0.2790000      -5.298317      -1.276543    
  1.0000000E-03  0.1490000      -6.907755      -1.903809    
  1.0000000E-03  0.1490000      -6.907755      -1.903809    
  9.9999997E-05  5.2000001E-02  -9.210340      -2.956511    
  
  
  0.1000000      0.8070000      -2.302585     -0.2144316    
  5.0000001E-02  0.6520000      -2.995732     -0.4277107    
  9.9999998E-03  0.3680000      -4.605170     -0.9996724    
  4.9999999E-03  0.2970000      -5.298317      -1.214023    
  1.0000000E-03  0.1600000      -6.907755      -1.832582    
  1.0000000E-03  0.1600000      -6.907755      -1.832582    
  9.9999997E-05  5.6000002E-02  -9.210340      -2.882404    
  
  
  0.1000000      0.8230000      -2.302585     -0.1947991    
  5.0000001E-02  0.7080000      -2.995732     -0.3453112    
  9.9999998E-03  0.4310000      -4.605170     -0.8416472    
  4.9999999E-03  0.3460000      -5.298317      -1.061316    
  1.0000000E-03  0.1860000      -6.907755      -1.682009    
  1.0000000E-03  0.1870000      -6.907755      -1.676647    
  9.9999997E-05  6.7000002E-02  -9.210340      -2.703063    
  
  
  0.1000000      0.8300000      -2.302585     -0.1863296    
  5.0000001E-02  0.7240000      -2.995732     -0.3229639    
  9.9999998E-03  0.4510000      -4.605170     -0.7962880    
  4.9999999E-03  0.3650000      -5.298317      -1.007858    
  1.0000000E-03  0.2030000      -6.907755      -1.594549    
  1.0000000E-03  0.2030000      -6.907755      -1.594549    
  9.9999997E-05  7.5000003E-02  -9.210340      -2.590267    
  
  
  0.1000000      0.8390000      -2.302585     -0.1755446    
  5.0000001E-02  0.7330000      -2.995732     -0.3106096    
  9.9999998E-03  0.4950000      -4.605170     -0.7031975    
  4.9999999E-03  0.4030000      -5.298317     -0.9088187    
  1.0000000E-03  0.2260000      -6.907755      -1.487220    
  1.0000000E-03  0.2270000      -6.907755      -1.482805    
  9.9999997E-05  8.5000001E-02  -9.210340      -2.465104    
  
  
  0.1000000      0.8440000      -2.302585     -0.1696028    
  5.0000001E-02  0.7410000      -2.995732     -0.2997546    
  9.9999998E-03  0.5140000      -4.605170     -0.6655320    
  4.9999999E-03  0.4230000      -5.298317     -0.8603831    
  1.0000000E-03  0.2460000      -6.907755      -1.402424    
  1.0000000E-03  0.2460000      -6.907755      -1.402424    
  9.9999997E-05  9.7999997E-02  -9.210340      -2.322788    
  
  
  0.1000000      0.8430000      -2.302585     -0.1707883    
  5.0000001E-02  0.7410000      -2.995732     -0.2997546    
  9.9999998E-03  0.5060000      -4.605170     -0.6812186    
  4.9999999E-03  0.4170000      -5.298317     -0.8746691    
  1.0000000E-03  0.2480000      -6.907755      -1.394327    
  1.0000000E-03  0.2480000      -6.907755      -1.394327    
  9.9999997E-05  0.1020000      -9.210340      -2.282783    
  
  
  0.1000000      0.8360000      -2.302585     -0.1791266    
  5.0000001E-02  0.7470000      -2.995732     -0.2916901    
  9.9999998E-03  0.4900000      -4.605170     -0.7133499    
  4.9999999E-03  0.4000000      -5.298317     -0.9162907    
  1.0000000E-03  0.2300000      -6.907755      -1.469676    
  1.0000000E-03  0.2300000      -6.907755      -1.469676    
  9.9999997E-05  9.0000004E-02  -9.210340      -2.407946    
  
  
  0.1000000      0.8360000      -2.302585     -0.1791266    
  5.0000001E-02  0.7390000      -2.995732     -0.3024573    
  9.9999998E-03  0.4800000      -4.605170     -0.7339692    
  4.9999999E-03  0.3880000      -5.298317     -0.9467499    
  1.0000000E-03  0.2160000      -6.907755      -1.532477    
  1.0000000E-03  0.2170000      -6.907755      -1.527858    
  9.9999997E-05  8.2000002E-02  -9.210340      -2.501036    
  
  
  0.1000000      0.8400000      -2.302585     -0.1743534    
  5.0000001E-02  0.7430000      -2.995732     -0.2970593    
  9.9999998E-03  0.4700000      -4.605170     -0.7550226    
  4.9999999E-03  0.3900000      -5.298317     -0.9416085    
  1.0000000E-03  0.2240000      -6.907755      -1.496109    
  1.0000000E-03  0.2240000      -6.907755      -1.496109    
  9.9999997E-05  7.5000003E-02  -9.210340      -2.590267    
  
  
  0.1000000      0.8410000      -2.302585     -0.1731636    
  5.0000001E-02  0.7480000      -2.995732     -0.2903523    
  9.9999998E-03  0.4710000      -4.605170     -0.7528972    
  4.9999999E-03  0.3860000      -5.298317     -0.9519179    
  1.0000000E-03  0.2220000      -6.907755      -1.505078    
  1.0000000E-03  0.2220000      -6.907755      -1.505078    
  9.9999997E-05  7.8000002E-02  -9.210340      -2.551046    
  
  
  0.1000000      0.8250000      -2.302585     -0.1923719    
  5.0000001E-02  0.7350000      -2.995732     -0.3078848    
  9.9999998E-03  0.4720000      -4.605170     -0.7507763    
  4.9999999E-03  0.3930000      -5.298317     -0.9339457    
  1.0000000E-03  0.2180000      -6.907755      -1.523260    
  1.0000000E-03  0.2180000      -6.907755      -1.523260    
  9.9999997E-05  7.4000001E-02  -9.210340      -2.603690    
  
  
  0.1000000      0.8120000      -2.302585     -0.2082550    
  5.0000001E-02  0.7180000      -2.995732     -0.3312857    
  9.9999998E-03  0.4530000      -4.605170     -0.7918631    
  4.9999999E-03  0.3770000      -5.298317     -0.9755101    
  1.0000000E-03  0.2080000      -6.907755      -1.570217    
  1.0000000E-03  0.2080000      -6.907755      -1.570217    
  9.9999997E-05  7.0000000E-02  -9.210340      -2.659260    
  
  
  0.1000000      0.8160000      -2.302585     -0.2033409    
  5.0000001E-02  0.7190000      -2.995732     -0.3298939    
  9.9999998E-03  0.4520000      -4.605170     -0.7940731    
  4.9999999E-03  0.3730000      -5.298317     -0.9861768    
  1.0000000E-03  0.2000000      -6.907755      -1.609438    
  1.0000000E-03  0.2000000      -6.907755      -1.609438    
  9.9999997E-05  6.4999998E-02  -9.210340      -2.733368    
  
  
  0.1000000      0.7990000      -2.302585     -0.2243943    
  5.0000001E-02  0.6830000      -2.995732     -0.3812604    
  9.9999998E-03  0.4530000      -4.605170     -0.7918631    
  4.9999999E-03  0.3660000      -5.298317      -1.005122    
  1.0000000E-03  0.1970000      -6.907755      -1.624552    
  1.0000000E-03  0.1980000      -6.907755      -1.619488    
  9.9999997E-05  6.6000000E-02  -9.210340      -2.718101    
  
  
  0.1000000      0.7970000      -2.302585     -0.2269006    
  5.0000001E-02  0.6620000      -2.995732     -0.4124897    
  9.9999998E-03  0.4070000      -4.605170     -0.8989421    
  4.9999999E-03  0.3210000      -5.298317      -1.136314    
  1.0000000E-03  0.1680000      -6.907755      -1.783791    
  1.0000000E-03  0.1680000      -6.907755      -1.783791    
  9.9999997E-05  5.7999998E-02  -9.210340      -2.847312    
  
  
  0.1000000      0.8010000      -2.302585     -0.2218943    
  5.0000001E-02  0.6710000      -2.995732     -0.3989861    
  9.9999998E-03  0.4190000      -4.605170     -0.8698844    
  4.9999999E-03  0.3320000      -5.298317      -1.102620    
  1.0000000E-03  0.1740000      -6.907755      -1.748700    
  1.0000000E-03  0.1750000      -6.907755      -1.742969    
  9.9999997E-05  5.7999998E-02  -9.210340      -2.847312    
  
  
  0.1000000      0.7760000      -2.302585     -0.2536027    
  5.0000001E-02  0.6390000      -2.995732     -0.4478508    
  9.9999998E-03  0.3790000      -4.605170     -0.9702191    
  4.9999999E-03  0.2970000      -5.298317      -1.214023    
  1.0000000E-03  0.1530000      -6.907755      -1.877317    
  1.0000000E-03  0.1540000      -6.907755      -1.870803    
  9.9999997E-05  5.2000001E-02  -9.210340      -2.956511    
  
  
  0.1000000      0.7620000      -2.302585     -0.2718087    
  5.0000001E-02  0.6210000      -2.995732     -0.4764242    
  9.9999998E-03  0.3500000      -4.605170      -1.049822    
  4.9999999E-03  0.2690000      -5.298317      -1.313044    
  1.0000000E-03  0.1340000      -6.907755      -2.009915    
  1.0000000E-03  0.1340000      -6.907755      -2.009915    
  9.9999997E-05  4.4000000E-02  -9.210340      -3.123566    
  
  
  0.1000000      0.7470000      -2.302585     -0.2916901    
  5.0000001E-02  0.6040000      -2.995732     -0.5041811    
  9.9999998E-03  0.3460000      -4.605170      -1.061316    
  4.9999999E-03  0.2660000      -5.298317      -1.324259    
  1.0000000E-03  0.1300000      -6.907755      -2.040221    
  1.0000000E-03  0.1300000      -6.907755      -2.040221    
  9.9999997E-05  4.1000001E-02  -9.210340      -3.194183    
  
  
  0.1000000      0.7520000      -2.302585     -0.2850190    
  5.0000001E-02  0.6160000      -2.995732     -0.4845083    
  9.9999998E-03  0.3510000      -4.605170      -1.046969    
  4.9999999E-03  0.2650000      -5.298317      -1.328025    
  1.0000000E-03  0.1270000      -6.907755      -2.063568    
  1.0000000E-03  0.1270000      -6.907755      -2.063568    
  9.9999997E-05  3.7000000E-02  -9.210340      -3.296837    
  
  
  0.1000000      0.7490000      -2.302585     -0.2890163    
  5.0000001E-02  0.6160000      -2.995732     -0.4845083    
  9.9999998E-03  0.3450000      -4.605170      -1.064211    
  4.9999999E-03  0.2580000      -5.298317      -1.354796    
  1.0000000E-03  0.1220000      -6.907755      -2.103734    
  1.0000000E-03  0.1220000      -6.907755      -2.103734    
  9.9999997E-05  3.7999999E-02  -9.210340      -3.270169    
  
  
  0.1000000      0.7520000      -2.302585     -0.2850190    
  5.0000001E-02  0.6240000      -2.995732     -0.4716049    
  9.9999998E-03  0.3440000      -4.605170      -1.067114    
  4.9999999E-03  0.2550000      -5.298317      -1.366492    
  1.0000000E-03  0.1190000      -6.907755      -2.128632    
  1.0000000E-03  0.1190000      -6.907755      -2.128632    
  9.9999997E-05  3.5000000E-02  -9.210340      -3.352407    
  
  
  0.1000000      0.7460000      -2.302585     -0.2930297    
  5.0000001E-02  0.6090000      -2.995732     -0.4959370    
  9.9999998E-03  0.3180000      -4.605170      -1.145704    
  4.9999999E-03  0.2350000      -5.298317      -1.448170    
  1.0000000E-03  0.1090000      -6.907755      -2.216408    
  1.0000000E-03  0.1100000      -6.907755      -2.207275    
  9.9999997E-05  3.4000002E-02  -9.210340      -3.381395    
  
  
  0.1000000      0.7300000      -2.302585     -0.3147107    
  5.0000001E-02  0.5900000      -2.995732     -0.5276328    
  9.9999998E-03  0.3020000      -4.605170      -1.197328    
  4.9999999E-03  0.2230000      -5.298317      -1.500584    
  1.0000000E-03  0.1050000      -6.907755      -2.253795    
  1.0000000E-03  0.1060000      -6.907755      -2.244316    
  9.9999997E-05  3.3000000E-02  -9.210340      -3.411248    
  
  
  0.1000000      0.7190000      -2.302585     -0.3298939    
  5.0000001E-02  0.5760000      -2.995732     -0.5516477    
  9.9999998E-03  0.2990000      -4.605170      -1.207312    
  4.9999999E-03  0.2220000      -5.298317      -1.505078    
  1.0000000E-03  0.1030000      -6.907755      -2.273026    
  1.0000000E-03  0.1040000      -6.907755      -2.263364    
  9.9999997E-05  3.2000002E-02  -9.210340      -3.442019    
  
  
  0.1000000      0.7110000      -2.302585     -0.3410828    
  5.0000001E-02  0.5620000      -2.995732     -0.5762535    
  9.9999998E-03  0.2910000      -4.605170      -1.234432    
  4.9999999E-03  0.2160000      -5.298317      -1.532477    
  1.0000000E-03  0.1000000      -6.907755      -2.302585    
  1.0000000E-03  0.1010000      -6.907755      -2.292635    
  9.9999997E-05  3.0999999E-02  -9.210340      -3.473768    
  
  
  0.1000000      0.7160000      -2.302585     -0.3340751    
  5.0000001E-02  0.5730000      -2.995732     -0.5568696    
  9.9999998E-03  0.3050000      -4.605170      -1.187443    
  4.9999999E-03  0.2270000      -5.298317      -1.482805    
  1.0000000E-03  0.1060000      -6.907755      -2.244316    
  1.0000000E-03  0.1070000      -6.907755      -2.234926    
  9.9999997E-05  2.8000001E-02  -9.210340      -3.575551    
  
  
  0.1000000      0.7140000      -2.302585     -0.3368723    
  5.0000001E-02  0.5720000      -2.995732     -0.5586162    
  9.9999998E-03  0.3000000      -4.605170      -1.203973    
  4.9999999E-03  0.2210000      -5.298317      -1.509593    
  1.0000000E-03  0.1010000      -6.907755      -2.292635    
  1.0000000E-03  0.1020000      -6.907755      -2.282783    
  9.9999997E-05  3.0999999E-02  -9.210340      -3.473768    
  
  
  0.1000000      0.7110000      -2.302585     -0.3410828    
  5.0000001E-02  0.5660000      -2.995732     -0.5691612    
  9.9999998E-03  0.2970000      -4.605170      -1.214023    
  4.9999999E-03  0.2180000      -5.298317      -1.523260    
  1.0000000E-03  9.8999999E-02  -6.907755      -2.312635    
  1.0000000E-03  0.1000000      -6.907755      -2.302585    
  9.9999997E-05  3.0999999E-02  -9.210340      -3.473768    
  
  
  0.1000000      0.7030000      -2.302585     -0.3523984    
  5.0000001E-02  0.5540000      -2.995732     -0.5905905    
  9.9999998E-03  0.2830000      -4.605170      -1.262308    
  4.9999999E-03  0.2070000      -5.298317      -1.575037    
  1.0000000E-03  9.3999997E-02  -6.907755      -2.364460    
  1.0000000E-03  9.4999999E-02  -6.907755      -2.353878    
  9.9999997E-05  2.8999999E-02  -9.210340      -3.540459    
  
  
  0.1000000      0.7060000      -2.302585     -0.3481401    
  5.0000001E-02  0.5510000      -2.995732     -0.5960205    
  9.9999998E-03  0.2880000      -4.605170      -1.244795    
  4.9999999E-03  0.2100000      -5.298317      -1.560648    
  1.0000000E-03  9.4999999E-02  -6.907755      -2.353878    
  1.0000000E-03  9.6000001E-02  -6.907755      -2.343407    
  9.9999997E-05  2.8999999E-02  -9.210340      -3.540459    
  
  
  0.1000000      0.7100000      -2.302585     -0.3424903    
  5.0000001E-02  0.5500000      -2.995732     -0.5978370    
  9.9999998E-03  0.2910000      -4.605170      -1.234432    
  4.9999999E-03  0.2100000      -5.298317      -1.560648    
  1.0000000E-03  9.7000003E-02  -6.907755      -2.333044    
  1.0000000E-03  9.7999997E-02  -6.907755      -2.322788    
  9.9999997E-05  3.0999999E-02  -9.210340      -3.473768    
  
  
  0.1000000      0.7130000      -2.302585     -0.3382739    
  5.0000001E-02  0.5600000      -2.995732     -0.5798185    
  9.9999998E-03  0.2940000      -4.605170      -1.224175    
  4.9999999E-03  0.2160000      -5.298317      -1.532477    
  1.0000000E-03  0.1000000      -6.907755      -2.302585    
  1.0000000E-03  0.1010000      -6.907755      -2.292635    
  9.9999997E-05  3.2000002E-02  -9.210340      -3.442019    
  
  
  0.1000000      0.7180000      -2.302585     -0.3312857    
  5.0000001E-02  0.5720000      -2.995732     -0.5586162    
  9.9999998E-03  0.2920000      -4.605170      -1.231001    
  4.9999999E-03  0.2150000      -5.298317      -1.537117    
  1.0000000E-03  9.8999999E-02  -6.907755      -2.312635    
  1.0000000E-03  0.1000000      -6.907755      -2.302585    
  9.9999997E-05  3.0999999E-02  -9.210340      -3.473768    
  
  
  0.1000000      0.7180000      -2.302585     -0.3312857    
  5.0000001E-02  0.5690000      -2.995732     -0.5638748    
  9.9999998E-03  0.2890000      -4.605170      -1.241329    
  4.9999999E-03  0.2110000      -5.298317      -1.555897    
  1.0000000E-03  9.7000003E-02  -6.907755      -2.333044    
  1.0000000E-03  9.7999997E-02  -6.907755      -2.322788    
  9.9999997E-05  3.0999999E-02  -9.210340      -3.473768    
  
  
  0.1000000      0.7250000      -2.302585     -0.3215836    
  5.0000001E-02  0.5800000      -2.995732     -0.5447272    
  9.9999998E-03  0.2940000      -4.605170      -1.224175    
  4.9999999E-03  0.2160000      -5.298317      -1.532477    
  1.0000000E-03  9.7999997E-02  -6.907755      -2.322788    
  1.0000000E-03  9.8999999E-02  -6.907755      -2.312635    
  9.9999997E-05  3.0999999E-02  -9.210340      -3.473768    
  
  
  0.1000000      0.7270000      -2.302585     -0.3188288    
  5.0000001E-02  0.5810000      -2.995732     -0.5430046    
  9.9999998E-03  0.2940000      -4.605170      -1.224175    
  4.9999999E-03  0.2160000      -5.298317      -1.532477    
  1.0000000E-03  0.1010000      -6.907755      -2.292635    
  1.0000000E-03  0.1020000      -6.907755      -2.282783    
  9.9999997E-05  3.3000000E-02  -9.210340      -3.411248    
  
  
  0.1000000      0.7290000      -2.302585     -0.3160816    
  5.0000001E-02  0.5770000      -2.995732     -0.5499130    
  9.9999998E-03  0.2940000      -4.605170      -1.224175    
  4.9999999E-03  0.2140000      -5.298317      -1.541779    
  1.0000000E-03  0.1000000      -6.907755      -2.302585    
  1.0000000E-03  0.1010000      -6.907755      -2.292635    
  9.9999997E-05  3.3000000E-02  -9.210340      -3.411248    
  
  
  0.1000000      0.7360000      -2.302585     -0.3065252    
  5.0000001E-02  0.5830000      -2.995732     -0.5395681    
  9.9999998E-03  0.2960000      -4.605170      -1.217396    
  4.9999999E-03  0.2170000      -5.298317      -1.527858    
  1.0000000E-03  0.1010000      -6.907755      -2.292635    
  1.0000000E-03  0.1020000      -6.907755      -2.282783    
  9.9999997E-05  3.3000000E-02  -9.210340      -3.411248    
  
  
  0.1000000      0.7310000      -2.302585     -0.3133418    
  5.0000001E-02  0.5770000      -2.995732     -0.5499130    
  9.9999998E-03  0.2910000      -4.605170      -1.234432    
  4.9999999E-03  0.2120000      -5.298317      -1.551169    
  1.0000000E-03  9.8999999E-02  -6.907755      -2.312635    
  1.0000000E-03  0.1000000      -6.907755      -2.302585    
  9.9999997E-05  3.3000000E-02  -9.210340      -3.411248    
  
  
  0.1000000      0.7270000      -2.302585     -0.3188288    
  5.0000001E-02  0.5710000      -2.995732     -0.5603661    
  9.9999998E-03  0.2850000      -4.605170      -1.255266    
  4.9999999E-03  0.2070000      -5.298317      -1.575037    
  1.0000000E-03  9.7000003E-02  -6.907755      -2.333044    
  1.0000000E-03  9.7999997E-02  -6.907755      -2.322788    
  9.9999997E-05  3.3000000E-02  -9.210340      -3.411248    
  
  
  0.1000000      0.7220000      -2.302585     -0.3257301    
  5.0000001E-02  0.5650000      -2.995732     -0.5709295    
  9.9999998E-03  0.2840000      -4.605170      -1.258781    
  4.9999999E-03  0.2080000      -5.298317      -1.570217    
  1.0000000E-03  9.8999999E-02  -6.907755      -2.312635    
  1.0000000E-03  0.1000000      -6.907755      -2.302585    
  9.9999997E-05  3.3000000E-02  -9.210340      -3.411248    
  
  
  0.1000000      0.7170000      -2.302585     -0.3326794    
  5.0000001E-02  0.5580000      -2.995732     -0.5833963    
  9.9999998E-03  0.2830000      -4.605170      -1.262308    
  4.9999999E-03  0.2080000      -5.298317      -1.570217    
  1.0000000E-03  0.1000000      -6.907755      -2.302585    
  1.0000000E-03  0.1010000      -6.907755      -2.292635    
  9.9999997E-05  3.3000000E-02  -9.210340      -3.411248    
  
  
  0.1000000      0.7080000      -2.302585     -0.3453112    
  5.0000001E-02  0.5470000      -2.995732     -0.6033065    
  9.9999998E-03  0.2780000      -4.605170      -1.280134    
  4.9999999E-03  0.2020000      -5.298317      -1.599488    
  1.0000000E-03  9.3999997E-02  -6.907755      -2.364460    
  1.0000000E-03  9.4999999E-02  -6.907755      -2.353878    
  9.9999997E-05  3.0999999E-02  -9.210340      -3.473768    
  
  
  0.1000000      0.7050000      -2.302585     -0.3495575    
  5.0000001E-02  0.5570000      -2.995732     -0.5851901    
  9.9999998E-03  0.2860000      -4.605170      -1.251763    
  4.9999999E-03  0.2100000      -5.298317      -1.560648    
  1.0000000E-03  0.1000000      -6.907755      -2.302585    
  1.0000000E-03  0.1010000      -6.907755      -2.292635    
  9.9999997E-05  3.3000000E-02  -9.210340      -3.411248    
  
  
  0.1000000      0.7010000      -2.302585     -0.3552474    
  5.0000001E-02  0.5390000      -2.995732     -0.6180397    
  9.9999998E-03  0.2790000      -4.605170      -1.276543    
  4.9999999E-03  0.2060000      -5.298317      -1.579879    
  1.0000000E-03  0.1000000      -6.907755      -2.302585    
  1.0000000E-03  0.1010000      -6.907755      -2.292635    
  9.9999997E-05  3.4000002E-02  -9.210340      -3.381395    
  
  
  0.1000000      0.7000000      -2.302585     -0.3566750    
  5.0000001E-02  0.5470000      -2.995732     -0.6033065    
  9.9999998E-03  0.2760000      -4.605170      -1.287354    
  4.9999999E-03  0.1990000      -5.298317      -1.614450    
  1.0000000E-03  9.4999999E-02  -6.907755      -2.353878    
  1.0000000E-03  9.4999999E-02  -6.907755      -2.353878    
  9.9999997E-05  3.2000002E-02  -9.210340      -3.442019    
  
  
  0.1000000      0.6990000      -2.302585     -0.3581045    
  5.0000001E-02  0.5410000      -2.995732     -0.6143360    
  9.9999998E-03  0.2700000      -4.605170      -1.309333    
  4.9999999E-03  0.1960000      -5.298317      -1.629641    
  1.0000000E-03  9.2000000E-02  -6.907755      -2.385967    
  1.0000000E-03  9.3000002E-02  -6.907755      -2.375156    
  9.9999997E-05  2.9999999E-02  -9.210340      -3.506558    
  
  
  0.1000000      0.6970000      -2.302585     -0.3609698    
  5.0000001E-02  0.5380000      -2.995732     -0.6198968    
  9.9999998E-03  0.2650000      -4.605170      -1.328025    
  4.9999999E-03  0.1900000      -5.298317      -1.660731    
  1.0000000E-03  8.6999997E-02  -6.907755      -2.441847    
  1.0000000E-03  8.8000000E-02  -6.907755      -2.430418    
  9.9999997E-05  2.8999999E-02  -9.210340      -3.540459    
  
  
  0.1000000      0.6910000      -2.302585     -0.3696155    
  5.0000001E-02  0.5270000      -2.995732     -0.6405547    
  9.9999998E-03  0.2490000      -4.605170      -1.390302    
  4.9999999E-03  0.1750000      -5.298317      -1.742969    
  1.0000000E-03  7.9999998E-02  -6.907755      -2.525729    
  1.0000000E-03  8.1000000E-02  -6.907755      -2.513306    
  9.9999997E-05  2.5000000E-02  -9.210340      -3.688879    
  
  
  0.1000000      0.6850000      -2.302585     -0.3783364    
  5.0000001E-02  0.5190000      -2.995732     -0.6558514    
  9.9999998E-03  0.2490000      -4.605170      -1.390302    
  4.9999999E-03  0.1780000      -5.298317      -1.725972    
  1.0000000E-03  7.9999998E-02  -6.907755      -2.525729    
  1.0000000E-03  7.9999998E-02  -6.907755      -2.525729    
  9.9999997E-05  2.4000000E-02  -9.210340      -3.729702    
  
  
  0.1000000      0.6820000      -2.302585     -0.3827257    
  5.0000001E-02  0.5210000      -2.995732     -0.6520052    
  9.9999998E-03  0.2470000      -4.605170      -1.398367    
  4.9999999E-03  0.1750000      -5.298317      -1.742969    
  1.0000000E-03  7.5999998E-02  -6.907755      -2.577022    
  1.0000000E-03  7.7000000E-02  -6.907755      -2.563950    
  9.9999997E-05  2.4000000E-02  -9.210340      -3.729702    
  
  
  0.1000000      0.6770000      -2.302585     -0.3900840    
  5.0000001E-02  0.5050000      -2.995732     -0.6831968    
  9.9999998E-03  0.2350000      -4.605170      -1.448170    
  4.9999999E-03  0.1640000      -5.298317      -1.807889    
  1.0000000E-03  7.1999997E-02  -6.907755      -2.631089    
  1.0000000E-03  7.2999999E-02  -6.907755      -2.617296    
  9.9999997E-05  2.3000000E-02  -9.210340      -3.772261    
  
  
  0.1000000      0.6720000      -2.302585     -0.3974969    
  5.0000001E-02  0.5120000      -2.995732     -0.6694306    
  9.9999998E-03  0.2390000      -4.605170      -1.431292    
  4.9999999E-03  0.1680000      -5.298317      -1.783791    
  1.0000000E-03  7.2999999E-02  -6.907755      -2.617296    
  1.0000000E-03  7.4000001E-02  -6.907755      -2.603690    
  9.9999997E-05  2.3000000E-02  -9.210340      -3.772261    
  
  
  0.1000000      0.6680000      -2.302585     -0.4034671    
  5.0000001E-02  0.4940000      -2.995732     -0.7052198    
  9.9999998E-03  0.2290000      -4.605170      -1.474033    
  4.9999999E-03  0.1610000      -5.298317      -1.826351    
  1.0000000E-03  7.1000002E-02  -6.907755      -2.645075    
  1.0000000E-03  7.1999997E-02  -6.907755      -2.631089    
  9.9999997E-05  2.2000000E-02  -9.210340      -3.816713    
  
  
  0.1000000      0.6740000      -2.302585     -0.3945251    
  5.0000001E-02  0.5100000      -2.995732     -0.6733446    
  9.9999998E-03  0.2440000      -4.605170      -1.410587    
  4.9999999E-03  0.1730000      -5.298317      -1.754464    
  1.0000000E-03  7.9000004E-02  -6.907755      -2.538307    
  1.0000000E-03  7.9999998E-02  -6.907755      -2.525729    
  9.9999997E-05  2.6000001E-02  -9.210340      -3.649659    
  
  
  0.1000000      0.6710000      -2.302585     -0.3989861    
  5.0000001E-02  0.5070000      -2.995732     -0.6792442    
  9.9999998E-03  0.2430000      -4.605170      -1.414694    
  4.9999999E-03  0.1740000      -5.298317      -1.748700    
  1.0000000E-03  7.9999998E-02  -6.907755      -2.525729    
  1.0000000E-03  8.1000000E-02  -6.907755      -2.513306    
  9.9999997E-05  2.6000001E-02  -9.210340      -3.649659    
  
  
  0.1000000      0.6700000      -2.302585     -0.4004775    
  5.0000001E-02  0.5110000      -2.995732     -0.6713857    
  9.9999998E-03  0.2530000      -4.605170      -1.374366    
  4.9999999E-03  0.1850000      -5.298317      -1.687399    
  1.0000000E-03  8.8000000E-02  -6.907755      -2.430418    
  1.0000000E-03  8.8000000E-02  -6.907755      -2.430418    
  9.9999997E-05  2.9999999E-02  -9.210340      -3.506558    
  
  
  0.1000000      0.6590000      -2.302585     -0.4170318    
  5.0000001E-02  0.5050000      -2.995732     -0.6831968    
  9.9999998E-03  0.2570000      -4.605170      -1.358679    
  4.9999999E-03  0.1900000      -5.298317      -1.660731    
  1.0000000E-03  9.3999997E-02  -6.907755      -2.364460    
  1.0000000E-03  9.4999999E-02  -6.907755      -2.353878    
  9.9999997E-05  3.3000000E-02  -9.210340      -3.411248    
  
  
  0.1000000      0.6500000      -2.302585     -0.4307829    
  5.0000001E-02  0.4940000      -2.995732     -0.7052198    
  9.9999998E-03  0.2470000      -4.605170      -1.398367    
  4.9999999E-03  0.1820000      -5.298317      -1.703749    
  1.0000000E-03  8.9000002E-02  -6.907755      -2.419119    
  1.0000000E-03  9.0000004E-02  -6.907755      -2.407946    
  9.9999997E-05  3.0999999E-02  -9.210340      -3.473768    
  
  
  0.1000000      0.6440000      -2.302585     -0.4400566    
  5.0000001E-02  0.4900000      -2.995732     -0.7133499    
  9.9999998E-03  0.2480000      -4.605170      -1.394327    
  4.9999999E-03  0.1850000      -5.298317      -1.687399    
  1.0000000E-03  9.3000002E-02  -6.907755      -2.375156    
  1.0000000E-03  9.3999997E-02  -6.907755      -2.364460    
  9.9999997E-05  3.4000002E-02  -9.210340      -3.381395    
  
  
  0.1000000      0.6370000      -2.302585     -0.4509856    
  5.0000001E-02  0.4860000      -2.995732     -0.7215466    
  9.9999998E-03  0.2510000      -4.605170      -1.382302    
  4.9999999E-03  0.1890000      -5.298317      -1.666008    
  1.0000000E-03  9.7000003E-02  -6.907755      -2.333044    
  1.0000000E-03  9.7999997E-02  -6.907755      -2.322788    
  9.9999997E-05  3.5999998E-02  -9.210340      -3.324236    
  
  
  0.1000000      0.6360000      -2.302585     -0.4525568    
  5.0000001E-02  0.4860000      -2.995732     -0.7215466    
  9.9999998E-03  0.2510000      -4.605170      -1.382302    
  4.9999999E-03  0.1880000      -5.298317      -1.671313    
  1.0000000E-03  9.3000002E-02  -6.907755      -2.375156    
  1.0000000E-03  9.3999997E-02  -6.907755      -2.364460    
  9.9999997E-05  3.4000002E-02  -9.210340      -3.381395    
  
  
  0.1000000      0.6430000      -2.302585     -0.4416105    
  5.0000001E-02  0.4950000      -2.995732     -0.7031975    
  9.9999998E-03  0.2620000      -4.605170      -1.339411    
  4.9999999E-03  0.1970000      -5.298317      -1.624552    
  1.0000000E-03  0.1020000      -6.907755      -2.282783    
  1.0000000E-03  0.1030000      -6.907755      -2.273026    
  9.9999997E-05  3.7000000E-02  -9.210340      -3.296837    
  
  
  0.1000000      0.6530000      -2.302585     -0.4261782    
  5.0000001E-02  0.5090000      -2.995732     -0.6753073    
  9.9999998E-03  0.2790000      -4.605170      -1.276543    
  4.9999999E-03  0.2150000      -5.298317      -1.537117    
  1.0000000E-03  0.1160000      -6.907755      -2.154165    
  1.0000000E-03  0.1180000      -6.907755      -2.137071    
  9.9999997E-05  4.4000000E-02  -9.210340      -3.123566    
  
  
  0.1000000      0.6520000      -2.302585     -0.4277107    
  5.0000001E-02  0.5080000      -2.995732     -0.6772738    
  9.9999998E-03  0.2780000      -4.605170      -1.280134    
  4.9999999E-03  0.2140000      -5.298317      -1.541779    
  1.0000000E-03  0.1150000      -6.907755      -2.162823    
  1.0000000E-03  0.1170000      -6.907755      -2.145581    
  9.9999997E-05  4.3000001E-02  -9.210340      -3.146555    
  
  
  0.1000000      0.6570000      -2.302585     -0.4200712    
  5.0000001E-02  0.5120000      -2.995732     -0.6694306    
  9.9999998E-03  0.2810000      -4.605170      -1.269401    
  4.9999999E-03  0.2170000      -5.298317      -1.527858    
  1.0000000E-03  0.1170000      -6.907755      -2.145581    
  1.0000000E-03  0.1190000      -6.907755      -2.128632    
  9.9999997E-05  4.5000002E-02  -9.210340      -3.101093    
  
  
  0.1000000      0.6550000      -2.302585     -0.4231201    
  5.0000001E-02  0.5100000      -2.995732     -0.6733446    
  9.9999998E-03  0.2760000      -4.605170      -1.287354    
  4.9999999E-03  0.2110000      -5.298317      -1.555897    
  1.0000000E-03  0.1120000      -6.907755      -2.189256    
  1.0000000E-03  0.1140000      -6.907755      -2.171557    
  9.9999997E-05  4.3000001E-02  -9.210340      -3.146555    
  
  
  0.1000000      0.6710000      -2.302585     -0.3989861    
  5.0000001E-02  0.5270000      -2.995732     -0.6405547    
  9.9999998E-03  0.2920000      -4.605170      -1.231001    
  4.9999999E-03  0.2260000      -5.298317      -1.487220    
  1.0000000E-03  0.1220000      -6.907755      -2.103734    
  1.0000000E-03  0.1240000      -6.907755      -2.087474    
  9.9999997E-05  4.8000000E-02  -9.210340      -3.036554    
  
  
  0.1000000      0.6750000      -2.302585     -0.3930426    
  5.0000001E-02  0.5300000      -2.995732     -0.6348783    
  9.9999998E-03  0.2950000      -4.605170      -1.220780    
  4.9999999E-03  0.2280000      -5.298317      -1.478410    
  1.0000000E-03  0.1250000      -6.907755      -2.079442    
  1.0000000E-03  0.1270000      -6.907755      -2.063568    
  9.9999997E-05  5.0000001E-02  -9.210340      -2.995732    
  
  
  0.1000000      0.6740000      -2.302585     -0.3945251    
  5.0000001E-02  0.5300000      -2.995732     -0.6348783    
  9.9999998E-03  0.2920000      -4.605170      -1.231001    
  4.9999999E-03  0.2250000      -5.298317      -1.491655    
  1.0000000E-03  0.1210000      -6.907755      -2.111965    
  1.0000000E-03  0.1230000      -6.907755      -2.095571    
  9.9999997E-05  4.6999998E-02  -9.210340      -3.057608    
  
  
  0.1000000      0.6760000      -2.302585     -0.3915622    
  5.0000001E-02  0.5310000      -2.995732     -0.6329932    
  9.9999998E-03  0.2950000      -4.605170      -1.220780    
  4.9999999E-03  0.2280000      -5.298317      -1.478410    
  1.0000000E-03  0.1230000      -6.907755      -2.095571    
  1.0000000E-03  0.1260000      -6.907755      -2.071473    
  9.9999997E-05  4.8000000E-02  -9.210340      -3.036554    
  
  
  0.1000000      0.6800000      -2.302585     -0.3856625    
  5.0000001E-02  0.5370000      -2.995732     -0.6217572    
  9.9999998E-03  0.3030000      -4.605170      -1.194022    
  4.9999999E-03  0.2360000      -5.298317      -1.443923    
  1.0000000E-03  0.1320000      -6.907755      -2.024953    
  1.0000000E-03  0.1340000      -6.907755      -2.009915    
  9.9999997E-05  5.4000001E-02  -9.210340      -2.918771    
  
  
  0.1000000      0.6860000      -2.302585     -0.3768777    
  5.0000001E-02  0.5450000      -2.995732     -0.6069695    
  9.9999998E-03  0.3120000      -4.605170      -1.164752    
  4.9999999E-03  0.2450000      -5.298317      -1.406497    
  1.0000000E-03  0.1390000      -6.907755      -1.973281    
  1.0000000E-03  0.1420000      -6.907755      -1.951928    
  9.9999997E-05  5.7000000E-02  -9.210340      -2.864704    
  
  
  0.1000000      0.6920000      -2.302585     -0.3681694    
  5.0000001E-02  0.5540000      -2.995732     -0.5905905    
  9.9999998E-03  0.3230000      -4.605170      -1.130103    
  4.9999999E-03  0.2540000      -5.298317      -1.370421    
  1.0000000E-03  0.1450000      -6.907755      -1.931022    
  1.0000000E-03  0.1480000      -6.907755      -1.910543    
  9.9999997E-05  5.9000000E-02  -9.210340      -2.830218    
  
  
  0.1000000      0.6950000      -2.302585     -0.3638434    
  5.0000001E-02  0.5600000      -2.995732     -0.5798185    
  9.9999998E-03  0.3330000      -4.605170      -1.099613    
  4.9999999E-03  0.2630000      -5.298317      -1.335601    
  1.0000000E-03  0.1500000      -6.907755      -1.897120    
  1.0000000E-03  0.1530000      -6.907755      -1.877317    
  9.9999997E-05  6.1999999E-02  -9.210340      -2.780621    
  
  
  0.1000000      0.6980000      -2.302585     -0.3595362    
  5.0000001E-02  0.5660000      -2.995732     -0.5691612    
  9.9999998E-03  0.3410000      -4.605170      -1.075873    
  4.9999999E-03  0.2730000      -5.298317      -1.298283    
  1.0000000E-03  0.1600000      -6.907755      -1.832582    
  1.0000000E-03  0.1630000      -6.907755      -1.814005    
  9.9999997E-05  6.8999998E-02  -9.210340      -2.673649    
  
  
  0.1000000      0.6920000      -2.302585     -0.3681694    
  5.0000001E-02  0.5580000      -2.995732     -0.5833963    
  9.9999998E-03  0.3320000      -4.605170      -1.102620    
  4.9999999E-03  0.2650000      -5.298317      -1.328025    
  1.0000000E-03  0.1570000      -6.907755      -1.851509    
  1.0000000E-03  0.1620000      -6.907755      -1.820159    
  9.9999997E-05  7.0000000E-02  -9.210340      -2.659260    
  
  
  0.1000000      0.6900000      -2.302585     -0.3710637    
  5.0000001E-02  0.5520000      -2.995732     -0.5942073    
  9.9999998E-03  0.3200000      -4.605170      -1.139434    
  4.9999999E-03  0.2520000      -5.298317      -1.378326    
  1.0000000E-03  0.1450000      -6.907755      -1.931022    
  1.0000000E-03  0.1500000      -6.907755      -1.897120    
  9.9999997E-05  6.3000001E-02  -9.210340      -2.764621    
  
  
  0.1000000      0.6930000      -2.302585     -0.3667253    
  5.0000001E-02  0.5550000      -2.995732     -0.5887871    
  9.9999998E-03  0.3230000      -4.605170      -1.130103    
  4.9999999E-03  0.2540000      -5.298317      -1.370421    
  1.0000000E-03  0.1470000      -6.907755      -1.917323    
  1.0000000E-03  0.1520000      -6.907755      -1.883875    
  9.9999997E-05  6.4999998E-02  -9.210340      -2.733368    
  
  
  0.1000000      0.7000000      -2.302585     -0.3566750    
  5.0000001E-02  0.5650000      -2.995732     -0.5709295    
  9.9999998E-03  0.3350000      -4.605170      -1.093625    
  4.9999999E-03  0.2670000      -5.298317      -1.320507    
  1.0000000E-03  0.1560000      -6.907755      -1.857899    
  1.0000000E-03  0.1610000      -6.907755      -1.826351    
  9.9999997E-05  7.0000000E-02  -9.210340      -2.659260    
  
  
  0.1000000      0.6990000      -2.302585     -0.3581045    
  5.0000001E-02  0.5650000      -2.995732     -0.5709295    
  9.9999998E-03  0.3400000      -4.605170      -1.078810    
  4.9999999E-03  0.2730000      -5.298317      -1.298283    
  1.0000000E-03  0.1630000      -6.907755      -1.814005    
  1.0000000E-03  0.1680000      -6.907755      -1.783791    
  9.9999997E-05  7.4000001E-02  -9.210340      -2.603690    
  
  
  0.1000000      0.7070000      -2.302585     -0.3467246    
  5.0000001E-02  0.5750000      -2.995732     -0.5533853    
  9.9999998E-03  0.3490000      -4.605170      -1.052683    
  4.9999999E-03  0.2810000      -5.298317      -1.269401    
  1.0000000E-03  0.1680000      -6.907755      -1.783791    
  1.0000000E-03  0.1730000      -6.907755      -1.754464    
  9.9999997E-05  7.7000000E-02  -9.210340      -2.563950    
  
  
  0.1000000      0.7160000      -2.302585     -0.3340751    
  5.0000001E-02  0.5860000      -2.995732     -0.5344355    
  9.9999998E-03  0.3600000      -4.605170      -1.021651    
  4.9999999E-03  0.2910000      -5.298317      -1.234432    
  1.0000000E-03  0.1770000      -6.907755      -1.731606    
  1.0000000E-03  0.1820000      -6.907755      -1.703749    
  9.9999997E-05  8.5000001E-02  -9.210340      -2.465104    
  
  
  0.1000000      0.7460000      -2.302585     -0.2930297    
  5.0000001E-02  0.6140000      -2.995732     -0.4877603    
  9.9999998E-03  0.3810000      -4.605170     -0.9649559    
  4.9999999E-03  0.3100000      -5.298317      -1.171183    
  1.0000000E-03  0.1900000      -6.907755      -1.660731    
  1.0000000E-03  0.1960000      -6.907755      -1.629641    
  9.9999997E-05  9.2000000E-02  -9.210340      -2.385967    
  
  
  0.1000000      0.7510000      -2.302585     -0.2863497    
  5.0000001E-02  0.6150000      -2.995732     -0.4861330    
  9.9999998E-03  0.3780000      -4.605170     -0.9728611    
  4.9999999E-03  0.3060000      -5.298317      -1.184170    
  1.0000000E-03  0.1890000      -6.907755      -1.666008    
  1.0000000E-03  0.1960000      -6.907755      -1.629641    
  9.9999997E-05  9.6000001E-02  -9.210340      -2.343407    
  
  
  0.1000000      0.7570000      -2.302585     -0.2783920    
  5.0000001E-02  0.6260000      -2.995732     -0.4684049    
  9.9999998E-03  0.3950000      -4.605170     -0.9288695    
  4.9999999E-03  0.3240000      -5.298317      -1.127012    
  1.0000000E-03  0.2070000      -6.907755      -1.575037    
  1.0000000E-03  0.2140000      -6.907755      -1.541779    
  9.9999997E-05  0.1080000      -9.210340      -2.225624    
  
  
  0.1000000      0.7600000      -2.302585     -0.2744369    
  5.0000001E-02  0.6300000      -2.995732     -0.4620355    
  9.9999998E-03  0.3980000      -4.605170     -0.9213033    
  4.9999999E-03  0.3250000      -5.298317      -1.123930    
  1.0000000E-03  0.2030000      -6.907755      -1.594549    
  1.0000000E-03  0.2120000      -6.907755      -1.551169    
  9.9999997E-05  0.1010000      -9.210340      -2.292635    
  
  
  0.1000000      0.7720000      -2.302585     -0.2587707    
  5.0000001E-02  0.6460000      -2.995732     -0.4369557    
  9.9999998E-03  0.4180000      -4.605170     -0.8722738    
  4.9999999E-03  0.3450000      -5.298317      -1.064211    
  1.0000000E-03  0.2200000      -6.907755      -1.514128    
  1.0000000E-03  0.2290000      -6.907755      -1.474033    
  9.9999997E-05  0.1120000      -9.210340      -2.189256    
  
  
